0,1,5000,Moustafa,qwertyuiop,qwertyuiop,12121312,1,333
1,0,0,Mostafa,mostafa@gmail.com,00000000,123123123,0,333
2,0,0,sadek,sadek@gmail.com,00000000,0231231231,0,333
3,0,0,mahmoud,mahmoud@gmail.com,00000000,12342315,0,333
4,0,6390879,Ammar,w,w,0111,0,333
5,0,0,Ammar,ammar3@gmail.com,12345678,0111111,0,333
6,0,0,ammar,ammar34@gmail.com,12345678,01212121,0,333
7,1,5000,Sasa,z,z,·,0,333
8,0,6268356,Moustafa1,q,q,1212112,0,333
9,0,210000,mohamed,mohamed@gmail.com,123456789,012222,0,333
10,1,0,elsesi,k,12345678,123155666666,0,333
11,1,0,Omar ,w,12345678,1111,0,333
12,0,907665,Gedo,gedo@gmail.com,12345678,01101540646,0,333
13,0,0,mariam ,e,12345678,144545,0,333
